SlotNo   Position_x   Position_y   Position_z    X_x    X_y    X_z    Y_x    Y_y    Y_z    Z_x    Z_y    Z_z
     1 -34.75145920   2.90205146  84.43391080   0.67207558  -0.73691158   0.07263424   0.12057519   0.01212173  -0.99263019   0.73060023   0.67588040   0.09699997
     2 -109.25763953   7.10490128 -19.60366842   0.12126301  -0.03161411  -0.99211684  -0.97099142   0.20373407  -0.12517221   0.20608521   0.97851571  -0.00599163
     3   2.99255356  41.13528523  70.61717744   0.02807219  -0.85281055   0.52146535   0.10717673   0.52123222   0.84665821  -0.99384360   0.03212140   0.10603358
     4  64.83652720  -0.80971282 -68.32270571   0.83437614   0.33648558   0.43657063   0.40559453   0.16152065  -0.89966891  -0.37324079   0.92773294  -0.00170774
     5  44.32978393 -88.91160775 -85.65457781   0.08525676  -0.95406540   0.28721158  -0.35333843   0.24057654   0.90403257  -0.93160256  -0.17855777  -0.31659720
     6 -95.44456856  13.98789261  48.79247449   0.57774004  -0.12661562   0.80634046   0.78395457  -0.18894245  -0.59136790   0.22722835   0.97379120  -0.00989872
     7  66.87951878 -36.80969522  69.34418539  -0.86834678  -0.11185150   0.48318021   0.46629266   0.14774142   0.87220618  -0.16894330   0.98268082  -0.07613525
     8 -20.84004976  80.58077842  18.57885562  -0.02986965   0.27929906  -0.95973947  -0.16870896   0.94498357   0.28025584   0.98521322   0.17028779   0.01889393
     9 -41.00281377 -77.40696129 -76.84168919  -0.29686028  -0.94305390   0.15007773   0.25496256   0.07317853   0.96417789  -0.92025418   0.32449031   0.21871964
    10 -65.91216669 -47.10162120  68.47138938  -0.76189431  -0.41675931  -0.49581118  -0.42152056  -0.26216499   0.86809558  -0.49177125   0.87039169   0.02406940
    11  75.55640750 -74.53550112  69.63620633   0.20201897  -0.97036562  -0.13258546   0.48583840  -0.01825293   0.87385804  -0.85038187  -0.24095101   0.46775344
    12   8.73826065  82.86128629 -19.88733650  -0.02460962  -0.29847761  -0.95409930  -0.02975147  -0.95374710   0.29913428  -0.99925433   0.03574744   0.01459120
    13 -40.29512981  61.78287119  49.15579006   0.11720030  -0.56154861   0.81910149   0.20256118  -0.79392833  -0.57327722   0.97223090   0.23310643   0.02069931
    14 103.55942800  24.04572262 -19.69142558  -0.22422920  -0.07174584  -0.97189187  -0.91555450  -0.32617172   0.23531249  -0.33388633   0.94258390   0.00745000
    15 101.25659951 -51.88320631  45.18649811  -0.58149242  -0.00700203   0.81352168   0.77826237   0.28652147   0.55876035  -0.23700389   0.95804822  -0.16116065
    16  75.34829948 -74.42515078 -75.84068522   0.21708339  -0.97046224   0.10525129  -0.47929971  -0.01203881   0.87756872  -0.85038021  -0.24095250  -0.46775570
    17  39.08234046 -44.96220822 -81.79307478  -0.97885863  -0.18964128  -0.07662871  -0.04518134  -0.16489886   0.98527509  -0.19948481   0.96790722   0.15284443
    18  48.18156361  78.12993419 -20.07497559   0.11032525   0.28906672   0.95093048   0.33809142   0.88879898  -0.30940355  -0.93462431   0.35563646   0.00032599
    19 -100.74203370 -72.85076547 -19.84721466   0.17441446   0.12821798  -0.97628876  -0.78042474  -0.58658402  -0.21646343  -0.60042989   0.79967425  -0.00224425
    20  41.04344980  28.52820911  68.49016344  -0.58151115  -0.66956576   0.46208926   0.31766961   0.33602596   0.88666373  -0.74895366   0.66239656   0.01729785
    21 104.60162368  24.20706326  18.39048222  -0.22422963  -0.07174515   0.97189182   0.92795494   0.28892223   0.23542211  -0.29769155   0.95466043   0.00179134
    22 -95.57446640  13.89736103 -50.42462061   0.57774445  -0.12661509  -0.80633738  -0.78977282   0.16271019  -0.59142565   0.20608272   0.97851623  -0.00599225
    23 -40.37205812  63.86925162 -50.54946939   0.11060651  -0.53565159  -0.83716401  -0.17201870   0.81930144  -0.54695038   0.97886452   0.20450414  -0.00152202
    24   6.55920365  12.36189104 -84.77227962  -0.04075253  -0.98606201  -0.16131010   0.17588429   0.15184388  -0.97262950   0.98356695  -0.06800903   0.16724479
    25  48.64830738  79.21993314  18.90714923   0.11032578   0.28906464  -0.95093105  -0.33795150  -0.88885219  -0.30940358  -0.93467477   0.35550377  -0.00037348
    26 -92.46685059  44.71833691  18.41201930  -0.18436075   0.11117053  -0.97655119  -0.82436716   0.52354076   0.21522978   0.53519157   0.84471665  -0.00487503
    27 -40.37384320 -31.31631764  81.02855865  -0.90016921  -0.34356017  -0.26769721  -0.24026658  -0.12093888   0.96314368  -0.36327281   0.93131099   0.02631943
    28  82.32180250  58.58331629 -19.90396794  -0.17317461  -0.17986759  -0.96832753  -0.66238127  -0.70634192   0.24966407  -0.72887680   0.68463750   0.00317956
    29  82.97787597  58.69083099  18.68601700   0.17317433   0.17986732  -0.96832763  -0.68451653  -0.68491962  -0.24964422  -0.70812943   0.70606824   0.00451165
    30   6.45548154  12.62232099  81.69128522   0.03534068   0.97898012  -0.20087051   0.13416064   0.19453058   0.97167833   0.99032922  -0.06128869  -0.12446575
    31  86.92162330  19.01820416  48.69226993   0.64295742   0.25849988  -0.72096017  -0.70394571  -0.17143684  -0.68925311  -0.30177098   0.95067722   0.07174330
    32 -13.38033128  65.48721542  48.40167098  -0.01208951   0.65727587  -0.75355310   0.06879652  -0.75127711  -0.65639146  -0.99755746  -0.05977728  -0.03613572
    33 100.57184038 -51.85065085 -49.60634299  -0.58149296  -0.00700204  -0.81352130  -0.76946163  -0.31997753   0.55275960  -0.26417898   0.94739924   0.18067689
    34          NaN          NaN          NaN  -0.65919461   0.75197238   0.00000000          NaN          NaN          NaN          NaN          NaN          NaN
    35 -57.00475939  26.05814292 -75.25629522  -0.56233394   0.62406597   0.54251470   0.44189689  -0.32773999   0.83505307   0.69893197   0.70931425  -0.09147350
    36 -20.72681594  80.21297935 -20.02157420  -0.02987303   0.27929795   0.95973968   0.15831109  -0.94672647   0.28044001   0.98693728   0.16031503  -0.01593437
    37 -89.34002465 -62.66478516  49.73955705   0.55346581   0.36885883   0.74673875   0.61682554   0.42092066  -0.66509552  -0.55964412   0.82871516   0.00544365
    38   5.39901041 -16.91863683 -87.12859157  -0.05576107  -0.99600338  -0.06977091   0.16172639   0.05994591  -0.98501323   0.98525898  -0.06620919   0.15773738
    39  33.17434774  -6.33893637 -80.29021356  -0.94635286  -0.18607826  -0.26418012  -0.26538405  -0.01886907   0.96395812  -0.18435648   0.98235372  -0.03152541
    40 -21.65610831  41.08077093  71.69685502   0.10185465  -0.76077141   0.64097776   0.04826011  -0.63979121  -0.76703205   0.99362799   0.10905944  -0.02845080
    41 -98.04902650 -23.64791236  48.22072788  -0.58539809  -0.03281753  -0.81008153  -0.80457438  -0.09950480   0.58545611  -0.09982023   0.99449574   0.03184578
    42  63.01884150  51.58694379 -49.18128520  -0.44714088  -0.57994552  -0.68097594  -0.41373905  -0.54088200   0.73230230  -0.79302307   0.60918863   0.00190435
    43 -13.14556839  65.96689726 -50.19612769   0.01085169  -0.60179644  -0.79857578   0.01768983  -0.79838159   0.60189194  -0.99978463  -0.02065822   0.00198189
    44 -75.33666318  45.60882784  48.38756011   0.37004023  -0.35734273   0.85754090   0.61578380  -0.59681429  -0.51441522   0.69561520   0.71841412  -0.00079943
    45 -75.53299463  46.95094543 -50.29110843   0.42895924  -0.41445656  -0.80263300  -0.57629182   0.55866633  -0.59647270   0.69561605   0.71841330   0.00079716
    46  64.88498080  -1.03703091  65.68673215  -0.83437571  -0.33648430   0.43657243   0.42533762   0.11070143   0.89823889  -0.35057248   0.93515939   0.05075284
    47 -88.18502882 -61.74021784 -50.05049854  -0.56434557  -0.37660898   0.73462899   0.61053013   0.40857230   0.67847007  -0.55566697   0.83140471  -0.00064484
    48  44.45639190 -88.27747990  79.50177143  -0.13832814   0.97958239   0.14588920  -0.35739720   0.08800462  -0.92979698  -0.92365168  -0.18075748   0.33792648
    49  41.10377474  28.60122526 -70.85975820   0.56873011   0.65600516   0.49618877   0.34001936   0.36178569  -0.86804260  -0.74895442   0.66239575  -0.01729604
    50 -111.15139029 -32.96489311  18.34562785  -0.25144438  -0.03702186  -0.96716343  -0.96038623  -0.11450878   0.25405910  -0.12015445   0.99273218  -0.00676269
    51  24.82045123  64.88486313 -49.72750182  -0.12480479  -0.64220080  -0.75630807  -0.14130648  -0.74299222   0.65421329  -0.98206732   0.18852018   0.00198186
    52  24.91868880  65.32479414  48.77198697  -0.12808791  -0.65943066   0.74077304   0.13834478   0.72774262   0.67175248  -0.98206629   0.18852546  -0.00198624
    53  33.19440276  -6.63972223  77.70718333   0.94308201   0.18670549  -0.27520425  -0.28946036   0.05343413  -0.95569739  -0.16372865   0.98096173   0.10443661
    54  71.01352088 -36.45652059 -72.03719429  -0.87485575  -0.11385222  -0.47081323  -0.46119512  -0.10134113   0.88149251  -0.14807262   0.98831555   0.03615078
    55  63.34383949  52.36724473  48.31124449  -0.45050274  -0.58434470   0.67497300   0.41007251   0.53612714   0.73784025  -0.79302438   0.60918692  -0.00190304
    56 -112.44305727 -33.06247538 -19.89890544   0.25260482   0.02795044  -0.96716574  -0.96388464  -0.07988007  -0.25405823  -0.08435831   0.99641253   0.00676291
    57 -60.63889269  70.85928053  18.42579050  -0.11424619   0.22742244  -0.96707127  -0.44531165   0.85844913   0.25448502   0.88805710   0.45972205   0.00319932
    58  39.68003979 -45.05542283  77.43065363   0.96538978   0.17433483  -0.19398440  -0.17159538  -0.13554197  -0.97579885  -0.19640875   0.97531306  -0.10093578
    59 -109.32839203   6.90923471  18.05280905  -0.12125531   0.03161429  -0.99211778  -0.97963351   0.15733830   0.12475113   0.16004204   0.98703856   0.01189231
    60 -40.24820770 -31.35589588 -84.15408045  -0.90016954  -0.34356030   0.26769594   0.23449966   0.13562271   0.96260916  -0.36701994   0.92928605  -0.04151865
    61 -93.59145282  44.59129231 -19.99866090  -0.18435370   0.11117135   0.97655243   0.83900868  -0.49971847   0.21528093   0.51193435   0.85902380  -0.00114878
    62 -74.50601432 -10.43401938 -73.24424623  -0.85969745  -0.02591752   0.51014564   0.50970946   0.02171270   0.86007257  -0.03336759   0.99942825  -0.00545595
    63   8.80413678  84.51461266  18.38369994   0.02168476   0.22526631  -0.97405588  -0.03939881  -0.97333556  -0.22597706  -0.99898824   0.04327690  -0.01223133
    64  86.06452947  19.29097853 -49.85668933   0.64295787   0.25850054   0.72095953   0.66789283   0.27148804  -0.69297432  -0.37486613   0.92707700   0.00190471
    65 -57.12312023  26.08511050  74.39835988  -0.58804284   0.64274807  -0.49099952  -0.40707142   0.28938351   0.86634291   0.69892740   0.70931862   0.09147447
    66 -60.63234812  71.09277633 -19.97908057  -0.10450259   0.23206096   0.96707131   0.40851531  -0.87655736   0.25448464   0.90674943   0.42165774  -0.00319794
    67 -34.73929735   2.97564661 -86.95497377   0.66808348  -0.73637256  -0.10686402  -0.15761286   0.00031281  -0.98750093   0.72720202   0.67657620  -0.11585280
    68 -21.87539675  40.97818288 -77.03871788   0.11224447  -0.83961965  -0.53145087  -0.08548980   0.52468809  -0.84699109   0.98999630   0.14050370  -0.01288558
    69 -40.84218362 -78.06184110  67.52460994  -0.22736694  -0.89827705  -0.37603539  -0.32383428  -0.29442620   0.89913546  -0.91838742   0.32620683  -0.22395012
    70 -74.94656185 -10.71392495  70.44764841  -0.85969745  -0.02591752  -0.51014564  -0.50705815  -0.07739106   0.85843034  -0.06172909   0.99666388   0.05339121
    71 -99.22948619 -23.53215873 -50.76689508   0.58539304   0.03281654  -0.81008522  -0.80760613  -0.06424514  -0.58621233  -0.07128150   0.99739441  -0.01110582
    72 -101.19297078 -73.54474151  18.05455964   0.10860637   0.07876632   0.99095940   0.75235032   0.64504660  -0.13373060  -0.64974846   0.76007261   0.01079630
    73  10.89630133 -60.97495658 -101.51148509   0.65919459  -0.75197240   0.00000000  -0.00000008  -0.00000000  -1.00000000   0.75197240   0.65919459  -0.00000006
    74 -65.85557338 -47.08376633 -71.71630821   0.75117605   0.40939060  -0.51781645  -0.43771728  -0.27824838  -0.85497451  -0.49410012   0.86889359  -0.02981618
    75  -5.74367788 -16.62962679  85.09242126  -0.07284235  -0.99667098  -0.03661884   0.09893537  -0.04375507   0.99413142  -0.99242420   0.06879198   0.10179324
